*** Script Hyperparameters ***
 Epochs: 3
 Initial learning rate: 0.005
 Batch size: 32
 Dropout: 0.25
 Learning optimization: Stochatic Gradient Descent
 Meta-heuristic used: pso
 Meta-heuristic order: first
*** PERFORMANCE METRICS ***
Time taken: 3:26:30.369757*** SCI-KIT METRICS ***

*** Classification Report *** 
               precision    recall  f1-score   support

    Positive       0.00      0.00      0.00       125
    Negative       0.60      1.00      0.75       184

    accuracy                           0.60       309
   macro avg       0.30      0.50      0.37       309
weighted avg       0.35      0.60      0.44       309
 
*** General Metrics *** 
 Accuracy Score: 59.55% 
 Precision Score: 29.77% 
 Recall Score: 50.00% 

*** Final Network Metrics *** 
 Final Training Loss: 7.7367 
 Final Validation Loss: 8.4428 
 Final Training Accuracy: 0.66% 
 Final Validation Accuracy: 0.60% 

*** Best Network Metrics *** 
 Best Epoch: 3 
 Best Training Loss: 7.7367 
 Best Validation Loss: 8.4428 
 Best Training Accuracy: 0.66% 
 Best Validation Accuracy: 0.60% 

*** INTERNAL METRICS ***
['loss', 'accuracy', 'precision', 'recall']
[424572549595136.0, 0.5954692363739014, 0.5954692363739014, 0.5954692363739014]*** Predictions *** 
 Predictions: [[0. 1.]
 [0. 1.]
 [0. 1.]
 [0. 1.]
 [0. 1.]
 [0. 1.]
 [0. 1.]
 [0. 1.]
 [0. 1.]
 [0. 1.]
 [0. 1.]
 [0. 1.]
 [0. 1.]
 [0. 1.]
 [0. 1.]
 [0. 1.]
 [0. 1.]
 [0. 1.]
 [0. 1.]
 [0. 1.]
 [0. 1.]
 [0. 1.]
 [0. 1.]
 [0. 1.]
 [0. 1.]
 [0. 1.]
 [0. 1.]
 [0. 1.]
 [0. 1.]
 [0. 1.]
 [0. 1.]
 [0. 1.]
 [0. 1.]
 [0. 1.]
 [0. 1.]
 [0. 1.]
 [0. 1.]
 [0. 1.]
 [0. 1.]
 [0. 1.]
 [0. 1.]
 [0. 1.]
 [0. 1.]
 [0. 1.]
 [0. 1.]
 [0. 1.]
 [0. 1.]
 [0. 1.]
 [0. 1.]
 [0. 1.]
 [0. 1.]
 [0. 1.]
 [0. 1.]
 [0. 1.]
 [0. 1.]
 [0. 1.]
 [0. 1.]
 [0. 1.]
 [0. 1.]
 [0. 1.]
 [0. 1.]
 [0. 1.]
 [0. 1.]
 [0. 1.]
 [0. 1.]
 [0. 1.]
 [0. 1.]
 [0. 1.]
 [0. 1.]
 [0. 1.]
 [0. 1.]
 [0. 1.]
 [0. 1.]
 [0. 1.]
 [0. 1.]
 [0. 1.]
 [0. 1.]
 [0. 1.]
 [0. 1.]
 [0. 1.]
 [0. 1.]
 [0. 1.]
 [0. 1.]
 [0. 1.]
 [0. 1.]
 [0. 1.]
 [0. 1.]
 [0. 1.]
 [0. 1.]
 [0. 1.]
 [0. 1.]
 [0. 1.]
 [0. 1.]
 [0. 1.]
 [0. 1.]
 [0. 1.]
 [0. 1.]
 [0. 1.]
 [0. 1.]
 [0. 1.]
 [0. 1.]
 [0. 1.]
 [0. 1.]
 [0. 1.]
 [0. 1.]
 [0. 1.]
 [0. 1.]
 [0. 1.]
 [0. 1.]
 [0. 1.]
 [0. 1.]
 [0. 1.]
 [0. 1.]
 [0. 1.]
 [0. 1.]
 [0. 1.]
 [0. 1.]
 [0. 1.]
 [0. 1.]
 [0. 1.]
 [0. 1.]
 [0. 1.]
 [0. 1.]
 [0. 1.]
 [0. 1.]
 [0. 1.]
 [0. 1.]
 [0. 1.]
 [0. 1.]
 [0. 1.]
 [0. 1.]
 [0. 1.]
 [0. 1.]
 [0. 1.]
 [0. 1.]
 [0. 1.]
 [0. 1.]
 [0. 1.]
 [0. 1.]
 [0. 1.]
 [0. 1.]
 [0. 1.]
 [0. 1.]
 [0. 1.]
 [0. 1.]
 [0. 1.]
 [0. 1.]
 [0. 1.]
 [0. 1.]
 [0. 1.]
 [0. 1.]
 [0. 1.]
 [0. 1.]
 [0. 1.]
 [0. 1.]
 [0. 1.]
 [0. 1.]
 [0. 1.]
 [0. 1.]
 [0. 1.]
 [0. 1.]
 [0. 1.]
 [0. 1.]
 [0. 1.]
 [0. 1.]
 [0. 1.]
 [0. 1.]
 [0. 1.]
 [0. 1.]
 [0. 1.]
 [0. 1.]
 [0. 1.]
 [0. 1.]
 [0. 1.]
 [0. 1.]
 [0. 1.]
 [0. 1.]
 [0. 1.]
 [0. 1.]
 [0. 1.]
 [0. 1.]
 [0. 1.]
 [0. 1.]
 [0. 1.]
 [0. 1.]
 [0. 1.]
 [0. 1.]
 [0. 1.]
 [0. 1.]
 [0. 1.]
 [0. 1.]
 [0. 1.]
 [0. 1.]
 [0. 1.]
 [0. 1.]
 [0. 1.]
 [0. 1.]
 [0. 1.]
 [0. 1.]
 [0. 1.]
 [0. 1.]
 [0. 1.]
 [0. 1.]
 [0. 1.]
 [0. 1.]
 [0. 1.]
 [0. 1.]
 [0. 1.]
 [0. 1.]
 [0. 1.]
 [0. 1.]
 [0. 1.]
 [0. 1.]
 [0. 1.]
 [0. 1.]
 [0. 1.]
 [0. 1.]
 [0. 1.]
 [0. 1.]
 [0. 1.]
 [0. 1.]
 [0. 1.]
 [0. 1.]
 [0. 1.]
 [0. 1.]
 [0. 1.]
 [0. 1.]
 [0. 1.]
 [0. 1.]
 [0. 1.]
 [0. 1.]
 [0. 1.]
 [0. 1.]
 [0. 1.]
 [0. 1.]
 [0. 1.]
 [0. 1.]
 [0. 1.]
 [0. 1.]
 [0. 1.]
 [0. 1.]
 [0. 1.]
 [0. 1.]
 [0. 1.]
 [0. 1.]
 [0. 1.]
 [0. 1.]
 [0. 1.]
 [0. 1.]
 [0. 1.]
 [0. 1.]
 [0. 1.]
 [0. 1.]
 [0. 1.]
 [0. 1.]
 [0. 1.]
 [0. 1.]
 [0. 1.]
 [0. 1.]
 [0. 1.]
 [0. 1.]
 [0. 1.]
 [0. 1.]
 [0. 1.]
 [0. 1.]
 [0. 1.]
 [0. 1.]
 [0. 1.]
 [0. 1.]
 [0. 1.]
 [0. 1.]
 [0. 1.]
 [0. 1.]
 [0. 1.]
 [0. 1.]
 [0. 1.]
 [0. 1.]
 [0. 1.]
 [0. 1.]
 [0. 1.]
 [0. 1.]
 [0. 1.]
 [0. 1.]
 [0. 1.]
 [0. 1.]
 [0. 1.]
 [0. 1.]
 [0. 1.]
 [0. 1.]
 [0. 1.]
 [0. 1.]
 [0. 1.]
 [0. 1.]
 [0. 1.]
 [0. 1.]
 [0. 1.]
 [0. 1.]
 [0. 1.]
 [0. 1.]
 [0. 1.]
 [0. 1.]
 [0. 1.]
 [0. 1.]
 [0. 1.]
 [0. 1.]
 [0. 1.]
 [0. 1.]
 [0. 1.]
 [0. 1.]] 
 Ground Truth Labels: [[1. 0.]
 [0. 1.]
 [0. 1.]
 [1. 0.]
 [0. 1.]
 [0. 1.]
 [1. 0.]
 [1. 0.]
 [1. 0.]
 [1. 0.]
 [1. 0.]
 [0. 1.]
 [1. 0.]
 [0. 1.]
 [0. 1.]
 [1. 0.]
 [0. 1.]
 [0. 1.]
 [1. 0.]
 [0. 1.]
 [0. 1.]
 [0. 1.]
 [0. 1.]
 [0. 1.]
 [1. 0.]
 [0. 1.]
 [0. 1.]
 [1. 0.]
 [0. 1.]
 [1. 0.]
 [0. 1.]
 [0. 1.]
 [1. 0.]
 [0. 1.]
 [0. 1.]
 [1. 0.]
 [1. 0.]
 [1. 0.]
 [0. 1.]
 [0. 1.]
 [1. 0.]
 [1. 0.]
 [0. 1.]
 [1. 0.]
 [0. 1.]
 [0. 1.]
 [1. 0.]
 [0. 1.]
 [0. 1.]
 [1. 0.]
 [0. 1.]
 [1. 0.]
 [0. 1.]
 [1. 0.]
 [0. 1.]
 [1. 0.]
 [0. 1.]
 [0. 1.]
 [0. 1.]
 [1. 0.]
 [0. 1.]
 [1. 0.]
 [0. 1.]
 [0. 1.]
 [1. 0.]
 [1. 0.]
 [1. 0.]
 [1. 0.]
 [0. 1.]
 [1. 0.]
 [1. 0.]
 [0. 1.]
 [0. 1.]
 [0. 1.]
 [0. 1.]
 [1. 0.]
 [0. 1.]
 [0. 1.]
 [0. 1.]
 [0. 1.]
 [0. 1.]
 [0. 1.]
 [0. 1.]
 [0. 1.]
 [0. 1.]
 [1. 0.]
 [0. 1.]
 [0. 1.]
 [1. 0.]
 [0. 1.]
 [1. 0.]
 [1. 0.]
 [1. 0.]
 [1. 0.]
 [0. 1.]
 [1. 0.]
 [1. 0.]
 [1. 0.]
 [1. 0.]
 [0. 1.]
 [0. 1.]
 [1. 0.]
 [0. 1.]
 [0. 1.]
 [1. 0.]
 [1. 0.]
 [1. 0.]
 [1. 0.]
 [1. 0.]
 [1. 0.]
 [0. 1.]
 [0. 1.]
 [1. 0.]
 [0. 1.]
 [1. 0.]
 [0. 1.]
 [0. 1.]
 [1. 0.]
 [0. 1.]
 [0. 1.]
 [0. 1.]
 [0. 1.]
 [0. 1.]
 [0. 1.]
 [0. 1.]
 [0. 1.]
 [0. 1.]
 [0. 1.]
 [1. 0.]
 [0. 1.]
 [0. 1.]
 [0. 1.]
 [0. 1.]
 [0. 1.]
 [0. 1.]
 [0. 1.]
 [1. 0.]
 [0. 1.]
 [0. 1.]
 [0. 1.]
 [1. 0.]
 [0. 1.]
 [1. 0.]
 [0. 1.]
 [0. 1.]
 [0. 1.]
 [0. 1.]
 [1. 0.]
 [0. 1.]
 [1. 0.]
 [1. 0.]
 [0. 1.]
 [0. 1.]
 [1. 0.]
 [0. 1.]
 [0. 1.]
 [0. 1.]
 [1. 0.]
 [0. 1.]
 [1. 0.]
 [0. 1.]
 [1. 0.]
 [1. 0.]
 [1. 0.]
 [1. 0.]
 [1. 0.]
 [0. 1.]
 [0. 1.]
 [0. 1.]
 [1. 0.]
 [1. 0.]
 [1. 0.]
 [0. 1.]
 [0. 1.]
 [1. 0.]
 [1. 0.]
 [0. 1.]
 [0. 1.]
 [1. 0.]
 [0. 1.]
 [0. 1.]
 [0. 1.]
 [0. 1.]
 [1. 0.]
 [0. 1.]
 [0. 1.]
 [1. 0.]
 [0. 1.]
 [1. 0.]
 [0. 1.]
 [0. 1.]
 [1. 0.]
 [1. 0.]
 [1. 0.]
 [0. 1.]
 [1. 0.]
 [0. 1.]
 [0. 1.]
 [1. 0.]
 [0. 1.]
 [1. 0.]
 [0. 1.]
 [0. 1.]
 [0. 1.]
 [0. 1.]
 [1. 0.]
 [1. 0.]
 [0. 1.]
 [1. 0.]
 [1. 0.]
 [0. 1.]
 [1. 0.]
 [1. 0.]
 [0. 1.]
 [1. 0.]
 [0. 1.]
 [0. 1.]
 [0. 1.]
 [0. 1.]
 [0. 1.]
 [0. 1.]
 [1. 0.]
 [1. 0.]
 [0. 1.]
 [0. 1.]
 [1. 0.]
 [0. 1.]
 [0. 1.]
 [0. 1.]
 [1. 0.]
 [0. 1.]
 [0. 1.]
 [0. 1.]
 [1. 0.]
 [1. 0.]
 [0. 1.]
 [0. 1.]
 [1. 0.]
 [0. 1.]
 [1. 0.]
 [1. 0.]
 [1. 0.]
 [1. 0.]
 [1. 0.]
 [1. 0.]
 [1. 0.]
 [1. 0.]
 [0. 1.]
 [0. 1.]
 [1. 0.]
 [1. 0.]
 [0. 1.]
 [0. 1.]
 [0. 1.]
 [0. 1.]
 [0. 1.]
 [0. 1.]
 [0. 1.]
 [1. 0.]
 [1. 0.]
 [1. 0.]
 [0. 1.]
 [0. 1.]
 [0. 1.]
 [1. 0.]
 [1. 0.]
 [0. 1.]
 [1. 0.]
 [0. 1.]
 [0. 1.]
 [0. 1.]
 [0. 1.]
 [0. 1.]
 [0. 1.]
 [0. 1.]
 [0. 1.]
 [1. 0.]
 [1. 0.]
 [0. 1.]
 [0. 1.]
 [0. 1.]
 [0. 1.]
 [0. 1.]
 [0. 1.]
 [0. 1.]
 [0. 1.]
 [1. 0.]
 [1. 0.]
 [1. 0.]
 [0. 1.]
 [0. 1.]
 [0. 1.]
 [0. 1.]
 [0. 1.]
 [1. 0.]
 [0. 1.]
 [0. 1.]
 [0. 1.]
 [1. 0.]
 [0. 1.]
 [0. 1.]
 [1. 0.]
 [0. 1.]
 [1. 0.]
 [0. 1.]
 [1. 0.]
 [1. 0.]
 [0. 1.]
 [0. 1.]] 
